# Num_interavaos = 100 
# kord = 7 
# N_base = 105 , N_cuad = 100 
# N_dim hamiltoniano, N_dim_H = 840 
# Parametros de CdSe 
# Eg = 1.714000 eV
# Ep = 24.270000 eV
# delta = 0.240000 eV
# gamma = [4.400000, 1.600000, 2.680000] 
# gamma_tilde = [4.400000, 1.600000, 2.680000] 
# Parametros de ZnS 
# Eg = 3.680000 eV
# Ep = 24.850000 eV
# delta = 0.074000 eV
# gamma = [2.120000, 0.510000, 1.560000] 
# gamma_tilde = [2.120000, 0.510000, 1.560000] 
# CBO = 0.900000, VBO = 1.066000
# autovalores del problema 
  5.000000000e+00   -2.419270795e+02   -2.419270795e+02   -2.418530795e+02   -2.418530795e+02   -2.418530795e+02   -2.418530795e+02   -1.209095664e+02   -1.209095664e+02   -1.208355664e+02   -1.208355664e+02   -1.208355664e+02   -1.208355664e+02   -5.755057067e+01   -5.755057067e+01   -5.747657066e+01   -5.747657066e+01   -5.747657066e+01   -5.747657066e+01   -3.317391779e+01   -3.317391779e+01   -3.309991779e+01   -3.309991779e+01   -3.309991779e+01   -3.309991779e+01   -3.147209553e+01   -3.147209553e+01   -3.127581906e+01   -3.127581906e+01   -3.127581906e+01   -3.127581906e+01   -2.869277769e+01   -2.869277769e+01   -2.850171037e+01   -2.850171037e+01   -2.850171037e+01   -2.850171037e+01   -2.687118315e+01   -2.687118315e+01   -2.679717319e+01   -2.679717319e+01   -2.679717319e+01   -2.679717319e+01   -2.262610453e+01   -2.262610453e+01   -2.245217993e+01   -2.245217993e+01   -2.245217993e+01   -2.245217993e+01   -2.154945410e+01   -2.154945410e+01   -2.140896601e+01   -2.140896601e+01   -2.140896601e+01   -2.140896601e+01   -1.996260382e+01   -1.996260382e+01   -1.988839335e+01   -1.988839335e+01   -1.988839335e+01   -1.988839335e+01   -1.967418350e+01   -1.967418350e+01   -1.959711058e+01   -1.959711058e+01   -1.959711058e+01   -1.959711058e+01   -1.954104672e+01   -1.954104672e+01   -1.946517890e+01   -1.946517890e+01   -1.946517890e+01   -1.946517890e+01   -1.889455105e+01   -1.889455105e+01   -1.881213266e+01   -1.881213266e+01   -1.881213266e+01   -1.881213266e+01   -1.864170854e+01   -1.864170854e+01   -1.855604021e+01   -1.855604021e+01   -1.855604021e+01   -1.855604021e+01   -1.813598587e+01   -1.813598587e+01   -1.805061992e+01   -1.805061992e+01   -1.805061992e+01   -1.805061992e+01   -1.789796887e+01   -1.789796887e+01   -1.781770181e+01   -1.781770181e+01   -1.781770181e+01   -1.781770181e+01   -1.721569508e+01   -1.721569508e+01   -1.712456293e+01   -1.712456293e+01   -1.712456293e+01   -1.712456293e+01   -1.688004189e+01   -1.688004189e+01   -1.679250665e+01   -1.679250665e+01   -1.679250665e+01   -1.679250665e+01   -1.638969954e+01   -1.638969954e+01   -1.629961977e+01   -1.629961977e+01   -1.629961977e+01   -1.629961977e+01   -1.602312315e+01   -1.602312315e+01   -1.594028833e+01   -1.594028833e+01   -1.594028833e+01   -1.594028833e+01   -1.559371390e+01   -1.559371390e+01   -1.550112299e+01   -1.550112299e+01   -1.550112299e+01   -1.550112299e+01   -1.519749168e+01   -1.519749168e+01   -1.511302923e+01   -1.511302923e+01   -1.511302923e+01   -1.511302923e+01   -1.474808559e+01   -1.474808559e+01   -1.466007597e+01   -1.466007597e+01   -1.466007597e+01   -1.466007597e+01   -1.440317280e+01   -1.440317280e+01   -1.431978689e+01   -1.431978689e+01   -1.431978689e+01   -1.431978689e+01   -1.407900980e+01   -1.407900980e+01   -1.398941612e+01   -1.398941612e+01   -1.398941612e+01   -1.398941612e+01   -1.364786555e+01   -1.364786555e+01   -1.356362493e+01   -1.356362493e+01   -1.356362493e+01   -1.356362493e+01   -1.325683086e+01   -1.325683086e+01   -1.317115717e+01   -1.317115717e+01   -1.317115717e+01   -1.317115717e+01   -1.297619804e+01   -1.297619804e+01   -1.289333148e+01   -1.289333148e+01   -1.289333148e+01   -1.289333148e+01   -1.265617472e+01   -1.265617472e+01   -1.256910647e+01   -1.256910647e+01   -1.256910647e+01   -1.256910647e+01   -1.225569538e+01   -1.225569538e+01   -1.217113580e+01   -1.217113580e+01   -1.217113580e+01   -1.217113580e+01   -1.191053889e+01   -1.191053889e+01   -1.182536303e+01   -1.182536303e+01   -1.182536303e+01   -1.182536303e+01   -1.165799862e+01   -1.165799862e+01   -1.157566189e+01   -1.157566189e+01   -1.157566189e+01   -1.157566189e+01   -1.131389438e+01   -1.131389438e+01   -1.122782597e+01   -1.122782597e+01   -1.122782597e+01   -1.122782597e+01   -1.098539267e+01   -1.098539267e+01   -1.090080971e+01   -1.090080971e+01   -1.090080971e+01   -1.090080971e+01   -1.067059017e+01   -1.067059017e+01   -1.058567139e+01   -1.058567139e+01   -1.058567139e+01   -1.058567139e+01   -1.042477151e+01   -1.042477151e+01   -1.034293813e+01   -1.034293813e+01   -1.034293813e+01   -1.034293813e+01   -1.006153596e+01   -1.006153596e+01   -9.974901917e+00   -9.974901917e+00   -9.974901917e+00   -9.974901917e+00   -9.808635885e+00   -9.808635885e+00   -9.723915088e+00   -9.723915088e+00   -9.723915088e+00   -9.723915088e+00   -9.493282253e+00   -9.493282253e+00   -9.408877497e+00   -9.408877497e+00   -9.408877497e+00   -9.408877497e+00   -9.264953774e+00   -9.264953774e+00   -9.183441749e+00   -9.183441749e+00   -9.183441749e+00   -9.183441749e+00   -8.916719936e+00   -8.916719936e+00   -8.829293561e+00   -8.829293561e+00   -8.829293561e+00   -8.829293561e+00   -8.705846227e+00   -8.705846227e+00   -8.621588384e+00   -8.621588384e+00   -8.621588384e+00   -8.621588384e+00   -8.375429749e+00   -8.375429749e+00   -8.291162660e+00   -8.291162660e+00   -8.291162660e+00   -8.291162660e+00   -8.169351754e+00   -8.169351754e+00   -8.087318750e+00   -8.087318750e+00   -8.087318750e+00   -8.087318750e+00   -7.865728580e+00   -7.865728580e+00   -7.778287403e+00   -7.778287403e+00   -7.778287403e+00   -7.778287403e+00   -7.655613657e+00   -7.655613657e+00   -7.572250816e+00   -7.572250816e+00   -7.572250816e+00   -7.572250816e+00   -7.339225824e+00   -7.339225824e+00   -7.255028771e+00   -7.255028771e+00   -7.255028771e+00   -7.255028771e+00   -7.147863772e+00   -7.147863772e+00   -7.064904758e+00   -7.064904758e+00   -7.064904758e+00   -7.064904758e+00   -6.885163015e+00   -6.885163015e+00   -6.798326583e+00   -6.798326583e+00   -6.798326583e+00   -6.798326583e+00   -6.650979027e+00   -6.650979027e+00   -6.567580729e+00   -6.567580729e+00   -6.567580729e+00   -6.567580729e+00   -6.383603614e+00   -6.383603614e+00   -6.299627580e+00   -6.299627580e+00   -6.299627580e+00   -6.299627580e+00   -6.206076171e+00   -6.206076171e+00   -6.123225794e+00   -6.123225794e+00   -6.123225794e+00   -6.123225794e+00   -5.966098800e+00   -5.966098800e+00   -5.879978552e+00   -5.879978552e+00   -5.879978552e+00   -5.879978552e+00   -5.713982211e+00   -5.713982211e+00   -5.629613306e+00   -5.629613306e+00   -5.629613306e+00   -5.629613306e+00   -5.500176406e+00   -5.500176406e+00   -5.416562714e+00   -5.416562714e+00   -5.416562714e+00   -5.416562714e+00   -5.328848591e+00   -5.328848591e+00   -5.246648528e+00   -5.246648528e+00   -5.246648528e+00   -5.246648528e+00   -5.100720433e+00   -5.100720433e+00   -5.015546450e+00   -5.015546450e+00   -5.015546450e+00   -5.015546450e+00   -4.865908841e+00   -4.865908841e+00   -4.781249089e+00   -4.781249089e+00   -4.781249089e+00   -4.781249089e+00   -4.686876381e+00   -4.686876381e+00   -4.603871951e+00   -4.603871951e+00   -4.603871951e+00   -4.603871951e+00   -4.514790275e+00   -4.514790275e+00   -4.432947131e+00   -4.432947131e+00   -4.432947131e+00   -4.432947131e+00   -4.282344583e+00   -4.282344583e+00   -4.197704607e+00   -4.197704607e+00   -4.197704607e+00   -4.197704607e+00   -4.099173007e+00   -4.099173007e+00   -4.014962058e+00   -4.014962058e+00   -4.014962058e+00   -4.014962058e+00   -3.935598405e+00   -3.935598405e+00   -3.853411400e+00   -3.853411400e+00   -3.853411400e+00   -3.853411400e+00   -3.772752921e+00   -3.772752921e+00   -3.691453296e+00   -3.691453296e+00   -3.691453296e+00   -3.691453296e+00   -3.530809059e+00   -3.530809059e+00   -3.445966270e+00   -3.445966270e+00   -3.445966270e+00   -3.445966270e+00   -3.402547811e+00   -3.402547811e+00   -3.318678769e+00   -3.318678769e+00   -3.318678769e+00   -3.318678769e+00   -3.234800936e+00   -3.234800936e+00   -3.152794235e+00   -3.152794235e+00   -3.152794235e+00   -3.152794235e+00   -3.097566941e+00   -3.097566941e+00   -3.016637691e+00   -3.016637691e+00   -3.016637691e+00   -3.016637691e+00   -2.868537342e+00   -2.868537342e+00   -2.783747179e+00   -2.783747179e+00   -2.783747179e+00   -2.783747179e+00   -2.772104476e+00   -2.772104476e+00   -2.688947084e+00   -2.688947084e+00   -2.688947084e+00   -2.688947084e+00   -2.593316701e+00   -2.593316701e+00   -2.510532087e+00   -2.510532087e+00   -2.510532087e+00   -2.510532087e+00   -2.481328894e+00   -2.481328894e+00   -2.399091914e+00   -2.399091914e+00   -2.399091914e+00   -2.399091914e+00   -2.289783880e+00   -2.289783880e+00   -2.205301112e+00   -2.205301112e+00   -2.205301112e+00   -2.205301112e+00   -2.201405538e+00   -2.201405538e+00   -2.119690803e+00   -2.119690803e+00   -2.119690803e+00   -2.119690803e+00   -2.032971308e+00   -2.032971308e+00   -1.950130147e+00   -1.950130147e+00   -1.950130147e+00   -1.950130147e+00   -1.930510668e+00   -1.930510668e+00   -1.845157250e+00   -1.845157250e+00   -1.845157250e+00   -1.845157250e+00   -1.781966881e+00   -1.781966881e+00   -1.698214372e+00   -1.698214372e+00   -1.698214372e+00   -1.698214372e+00   -1.685304705e+00   -1.685304705e+00   -1.604379259e+00   -1.604379259e+00   -1.604379259e+00   -1.604379259e+00   -1.551943372e+00   -1.551943372e+00   -1.469280474e+00   -1.469280474e+00   -1.469280474e+00   -1.469280474e+00   -1.458453305e+00   -1.458453305e+00   -1.372011397e+00   -1.372011397e+00   -1.372011397e+00   -1.372011397e+00   -1.338336121e+00   -1.338336121e+00   -1.255656229e+00   -1.255656229e+00   -1.255656229e+00   -1.255656229e+00   -1.233950257e+00   -1.233950257e+00   -1.151938637e+00   -1.151938637e+00   -1.151938637e+00   -1.151938637e+00   -1.142798046e+00   -1.142798046e+00   -1.060045082e+00   -1.060045082e+00   -1.060045082e+00   -1.060045082e+00   -1.057561284e+00   -1.057561284e+00   -9.726112097e-01   -9.726112097e-01   -9.726112097e-01   -9.726112097e-01   -9.554889842e-01   -9.554889842e-01   -8.746008664e-01   -8.746008664e-01   -8.746008664e-01   -8.746008664e-01   -8.636600701e-01   -8.636600701e-01   -8.025217021e-01   -8.025217021e-01   -7.808610820e-01   -7.808610820e-01   -7.808610820e-01   -7.808610820e-01   -7.227489245e-01   -7.227489245e-01   -7.200574994e-01   -7.200574994e-01   -7.200574994e-01   -7.200574994e-01   -6.389917175e-01   -6.389917175e-01   -6.389917175e-01   -6.389917175e-01   -6.308308982e-01   -6.308308982e-01   -5.727408401e-01   -5.727408401e-01   -5.526891265e-01   -5.526891265e-01   -5.526891265e-01   -5.526891265e-01   -5.247082888e-01   -5.247082888e-01   -4.914986616e-01   -4.914986616e-01   -4.914986616e-01   -4.914986616e-01   -4.602669336e-01   -4.602669336e-01   -4.436576476e-01   -4.436576476e-01   -4.436576476e-01   -4.436576476e-01   -3.777703395e-01   -3.777703395e-01   -3.777703395e-01   -3.777703395e-01   -3.763119645e-01   -3.763119645e-01   -3.521409985e-01   -3.521409985e-01   -3.014674320e-01   -3.014674320e-01   -2.997276218e-01   -2.997276218e-01   -2.997276218e-01   -2.997276218e-01   -2.738859192e-01   -2.738859192e-01   -2.738859192e-01   -2.738859192e-01   -2.663269275e-01   -2.663269275e-01   -2.236479313e-01   -2.236479313e-01   -2.236479313e-01   -2.236479313e-01   -2.049233775e-01   -2.049233775e-01   -1.969492566e-01   -1.969492566e-01   -1.861029459e-01   -1.861029459e-01   -1.861029459e-01   -1.861029459e-01   -1.495168061e-01   -1.495168061e-01   -1.303905955e-01   -1.303905955e-01   -1.291550775e-01   -1.291550775e-01   -1.291550775e-01   -1.291550775e-01   -1.211809358e-01   -1.211809358e-01   -1.211809358e-01   -1.211809358e-01   -1.064301376e-01   -1.064301376e-01   -1.046571696e-01   -1.046571696e-01   -8.218144429e-02   -8.218144429e-02   -7.473661551e-02   -7.473661551e-02   -7.473661551e-02   -7.473661551e-02   -5.370243214e-02   -5.370243214e-02   -5.370243214e-02   -5.370243214e-02   -3.187697186e-02   -3.187697186e-02   -3.187697186e-02   -3.187697186e-02   -3.024005907e-02   -3.024005907e-02   -3.024005907e-02   -3.024005907e-02   -8.062456673e-03   -8.062456673e-03    3.967029419e-01    3.967029419e-01    4.748052104e-01    4.748052104e-01    5.920212221e-01    5.920212221e-01    5.920212221e-01    5.920212221e-01    6.821625757e-01    6.821625757e-01    6.821625757e-01    6.821625757e-01    2.965145104e+00    2.965145104e+00    3.027637826e+00    3.027637826e+00    3.452703741e+00    3.452703741e+00    3.606346345e+00    3.606346345e+00    3.683976814e+00    3.683976814e+00    3.695696279e+00    3.695696279e+00    3.696188713e+00    3.696188713e+00    3.712104427e+00    3.712104427e+00    3.717194501e+00    3.717194501e+00    3.742608262e+00    3.742608262e+00    3.745239446e+00    3.745239446e+00    3.777038544e+00    3.777038544e+00    3.798742569e+00    3.798742569e+00    3.820338520e+00    3.820338520e+00    3.830850031e+00    3.830850031e+00    3.871243904e+00    3.871243904e+00    3.910339258e+00    3.910339258e+00    3.928833405e+00    3.928833405e+00    3.957733157e+00    3.957733157e+00    3.999004120e+00    3.999004120e+00    4.046288937e+00    4.046288937e+00    4.069375894e+00    4.069375894e+00    4.115875720e+00    4.115875720e+00    4.163231846e+00    4.163231846e+00    4.209546698e+00    4.209546698e+00    4.244958529e+00    4.244958529e+00    4.300182079e+00    4.300182079e+00    4.359002415e+00    4.359002415e+00    4.402728234e+00    4.402728234e+00    4.456551148e+00    4.456551148e+00    4.514541818e+00    4.514541818e+00    4.581639980e+00    4.581639980e+00    4.628864291e+00    4.628864291e+00    4.699373277e+00    4.699373277e+00    4.760417537e+00    4.760417537e+00    4.832822868e+00    4.832822868e+00    4.890383875e+00    4.890383875e+00    4.969532769e+00    4.969532769e+00    5.036245442e+00    5.036245442e+00    5.114788946e+00    5.114788946e+00    5.186440105e+00    5.186440105e+00    5.267052056e+00    5.267052056e+00    5.342647791e+00    5.342647791e+00    5.428285287e+00    5.428285287e+00    5.512416673e+00    5.512416673e+00    5.593400074e+00    5.593400074e+00    5.681089490e+00    5.681089490e+00    5.773916232e+00    5.773916232e+00    5.864895122e+00    5.864895122e+00    5.950951079e+00    5.950951079e+00    6.050270900e+00    6.050270900e+00    6.151240226e+00    6.151240226e+00    6.244467560e+00    6.244467560e+00    6.341973941e+00    6.341973941e+00    6.448616788e+00    6.448616788e+00    6.558108171e+00    6.558108171e+00    6.653786993e+00    6.653786993e+00    6.766283668e+00    6.766283668e+00    6.876247795e+00    6.876247795e+00    6.993471043e+00    6.993471043e+00    7.095340961e+00    7.095340961e+00    7.220908309e+00    7.220908309e+00    7.333688749e+00    7.333688749e+00    7.458483832e+00    7.458483832e+00    7.570336436e+00    7.570336436e+00    7.703238580e+00    7.703238580e+00    7.821754775e+00    7.821754775e+00    7.954566882e+00    7.954566882e+00    8.078128777e+00    8.078128777e+00    8.213507604e+00    8.213507604e+00    8.342320831e+00    8.342320831e+00    8.483069974e+00    8.483069974e+00    8.617120675e+00    8.617120675e+00    8.754957824e+00    8.754957824e+00    8.897739373e+00    8.897739373e+00    9.046508460e+00    9.046508460e+00    9.188012801e+00    9.188012801e+00    9.333767602e+00    9.333767602e+00    9.491707476e+00    9.491707476e+00    9.649539653e+00    9.649539653e+00    9.797274868e+00    9.797274868e+00    9.959931634e+00    9.959931634e+00    1.013407815e+01    1.013407815e+01    1.030134854e+01    1.030134854e+01    1.046035825e+01    1.046035825e+01    1.064927658e+01    1.064927658e+01    1.084523717e+01    1.084523717e+01    1.101901204e+01    1.101901204e+01    1.120320242e+01    1.120320242e+01    1.142043411e+01    1.142043411e+01    1.164242636e+01    1.164242636e+01    1.181429800e+01    1.181429800e+01    1.203419121e+01    1.203419121e+01    1.224861730e+01    1.224861730e+01    1.245794559e+01    1.245794559e+01    1.260420603e+01    1.260420603e+01    1.280226398e+01    1.280226398e+01    1.291626387e+01    1.291626387e+01    1.301308783e+01    1.301308783e+01    1.306699824e+01    1.306699824e+01    1.632023253e+01    1.632023253e+01    1.929316877e+01    1.929316877e+01    3.079158972e+01    3.079158972e+01    6.067790868e+01    6.067790868e+01    1.177616412e+02    1.177616412e+02  
